LINEAR SVM
             precision    recall  f1-score   support

         bg       1.00      0.99      0.99       967
         bs       0.78      0.79      0.78       912
         cz       1.00      1.00      1.00       946
      es-AR       0.86      0.87      0.87       932
      es-ES       0.87      0.87      0.87       942
         hr       0.86      0.85      0.85       953
         id       0.98      0.98      0.98       946
         mk       1.00      0.95      0.97       989
         my       0.98      0.99      0.99       926
      pt-BR       0.88      0.90      0.89       931
      pt-PT       0.90      0.88      0.89       972
         sk       0.99      0.99      0.99       930
         sr       0.87      0.88      0.88       938
         xx       0.99      0.99      0.99       944

avg / total       0.93      0.93      0.93     13228

LOGISTIC REGRESSION
             precision    recall  f1-score   support

         bg       1.00      0.99      0.99       968
         bs       0.79      0.83      0.81       894
         cz       1.00      1.00      1.00       948
      es-AR       0.87      0.88      0.88       940
      es-ES       0.87      0.88      0.87       939
         hr       0.89      0.87      0.88       975
         id       0.98      0.98      0.98       944
         mk       1.00      0.98      0.99       963
         my       0.98      0.99      0.98       928
      pt-BR       0.89      0.91      0.90       941
      pt-PT       0.90      0.90      0.90       963
         sk       0.99      0.99      0.99       930
         sr       0.88      0.89      0.89       941
         xx       0.99      0.98      0.99       954

avg / total       0.93      0.93      0.93     13228

 DECISION TREES
             precision    recall  f1-score   support

         bg       0.98      0.98      0.98       963
         bs       0.47      0.50      0.49       882
         cz       0.95      0.95      0.95       951
      es-AR       0.74      0.69      0.71      1011
      es-ES       0.68      0.70      0.69       915
         hr       0.64      0.60      0.62      1011
         id       0.94      0.89      0.92       997
         mk       0.99      0.99      0.99       939
         my       0.88      0.95      0.91       864
      pt-BR       0.71      0.69      0.70       989
      pt-PT       0.67      0.70      0.69       919
         sk       0.94      0.93      0.93       943
         sr       0.63      0.65      0.64       921
         xx       0.94      0.95      0.94       923

avg / total       0.80      0.80      0.80     13228

NAÏVE BAYES
             precision    recall  f1-score   support

         bg       0.99      1.00      1.00       960
         bs       0.77      0.82      0.80       877
         cz       1.00      1.00      1.00       947
      es-AR       0.80      0.93      0.86       816
      es-ES       0.94      0.82      0.88      1075
         hr       0.85      0.89      0.87       910
         id       0.99      0.99      0.99       941
         mk       1.00      1.00      1.00       941
         my       0.99      0.99      0.99       932
      pt-BR       0.94      0.91      0.92       985
      pt-PT       0.90      0.94      0.92       925
         sk       0.99      1.00      1.00       927
         sr       0.93      0.86      0.89      1032
         xx       0.99      0.97      0.98       960

avg / total       0.94      0.94      0.94     13228

